function [ initialVal ] = loadInitialOrbit()
    % loadInitialOrbit: Load initial values of orbit
    % OUTPUT:
    %   [position; velocity]
    %   where: position - is a position in [km];
    %          velocity - is a velocity in [km / sec].
    %
    
    % GEO dreyf
    %     initialVal = [21588.3309009214; 42686.0207815723; 0; -2.57597028572808; 1.30278948238825; 0; 1; 0; 0; 0];
    
    % HEO2
    %     initialVal = [-21223.9926714100; -42868.3395565589; 0; 2.58697266398439; -1.28080278894642; 0; 1; 0; 0; 0];
    
    % LO sat
    initialVal = [-6158.34755458333; -4063.45976435815; 0; 3.98653859590107; -6.04177022463943; 1.27633791914791; 1; 0; 0; 0];
    %     
    
    % from gnss imitator
    % initialVal = [-6151.40172374421; -4073.96636606523; 2.22082127802645; 3.99717361592190; -6.03478370645393; 1.27632841244172; ...
    %         0.999997677569155; -0.000682877248575766; 0.00204467595732109; -1.35556652892711e-05];
    
    % todo: defined in ICRF, convert
    % earthVal = [1.501515562224772E+08; -1.443879992368894E+07; -2.412922108215000E+04; 2.467314868531165E+00; 2.952979117228127E+01;  1.006982920159771E-04];
    
    % cassini
%     cassiniVal = [-3.598605683308047E+08; -1.457652754033583E+09; 4.063118807287723E+07; 1.106698338865474E+01; -2.261235300676996E-01; 1.682692533794450E+00];
%     initialVal = [cassiniVal - earthVal; 1; 0; 0; 0];
    
    % James Webb Space Telescope (spacecraft) [JWST]
%     jwstVal = [1.513277370902366E+08; -1.509745864194039E+07; 1.110762309725014E+05; 2.575959888557197E+00; 3.000642374520065E+01; 1.175059031994365E-01];
%     initialVal = [jwstVal - earthVal; 1; 0; 0; 0];
end
