function y=ERA_fun(Jd_date)
%расчёт угола поворота Земли
y=2*pi*(0.7790572732640 + 1.00273781191135448 * (Jd_date - 2451545.0) );%[рад]